8.34	8.34	8.37	8.4	7.51	7.22	7.03	7.13	8.44	7.62	7.06	7.89	9.32	9.39	8.69	9.13
1.9	1.75	2.06	1.88	2.3	2.63	2.71	2.42	2.05	2.22	2.38	2.12	1.21	1.21	1.71	1.32
1	
.5	1	
.59	.46	1	
.58	.43	.66	1	
.3	.27	.35	.46	1	
.32	.34	.38	.39	.71	1
.38	.41	.43	.53	.68	.67	1
.23	.29	.33	.43	.61	.63	.73	1
.43	.32	.4	.42	.36	.34	.45	.42	1
.38	.4	.38	.49	.53	.61	.69	.59	.59	1
.27	.24	.41	.37	.43	.46	.57	.57	.61	.59	1
.43	.41	.37	.47	.51	.45	.63	.61	.59	.58	.65	1
.2	.14	.15	.18	.22	.21	.13	.03	.15	.19	.12	.14	1
.29	.18	.26	.2	.25	.29	.17	.25	.35	.23	.23	.28	.25	1
.37	.14	.34	.37	.34	.34	.35	.33	.42	.36	.39	.39	.53	.5	1
.13	.1	.16	.21	.33	.28	.23	.22	.23	.25	.23	.28	.46	.43	.59	1
8.2	8.23	8.17	8.56	7.41	7	7.17	7.4	8.81	7.94	7.52	8.29	9.35	9.13	8.67	9
1.84	1.94	2.07	1.82	2.34	2.61	2.48	2.34	1.71	1.93	2.18	1.94	1.31	1.57	1.77	1.47
1
.31	1
.52	.45	1
.54	.46	.7	1
.15	.33	.22	.21	1
.14	.28	.21	.13	.72	1
.16	.32	.35	.31	.59	.56	1
.23	.29	.43	.36	.55	.51	.65	1
.24	.13	.24	.23	.25	.24	.24	.3	1
.19	.26	.22	.18	.34	.37	.36	.32	.38	1
.16	.24	.36	.3	.33	.29	.44	.51	.47	.5	1
.16	.21	.35	.24	.31	.33	.41	.39	.47	.47	.55	1
.08	.18	.09	.12	.19	.24	.08	.21	.21	.19	.19	.2	1
.01	-.01	.03	.02	.1	.13	.03	.05	.26	.17	.23	.26	.33	1
.06	.19	.22	.22	.23	.24	.2	.26	.16	.23	.38	.24	.42	.4	1
.04	.17	.1	.07	.26	.24	.12	.26	.16	.22	.32	.17	.42	.42	.65	1
